100
18.9383
8.886
16.2777
17.6915
19.7793
4.8335
7.5386
16.492
5.6649
11.1421
10.2362
13.27
7.8690
11.59
20.7763
19.3926
13.540
15.3426
3.9172
13.5736
0.5211
5.5368
2.2567
17.6429
3.5782
8.1530
2.2862
2.5123
21.4067
4.3135
11.3929
18.9802
13.4022
6.3058
13.3069
11.8167
10.1393
20.8456
6.5011
16.8042
11.6229
16.7373
8.4421
19.4919
6.3784
7.8537
17.5198
19.4324
1.8315
20.4370
11.6413
1.3526
4.6091
14.8980
19.9956
7.1873
1.6862
0.9170
9.6996
1.7281
5.2305
20.925
19.7084
18.6327
5.336
11.6505
8.846
16.1729
11.1313
14.5857
11.6124
0.3895
9.9582
20.545
19.8814
15.3367
6.5434
15.364
13.4043
7.3750
14.1087
3.6808
9.7276
18.7178
17.5788
7.3584
4.5403
19.2651
7.2754
14.2399
20.9932
12.5060
14.9676
18.3368
9.7739
19.12
8.6226
17.8586
14.8094
19.7539
10.795
4.570
20.1434
19.378
3.7467
18.6601
13.97
9.2902
13.3317
6.492
16.6652
6.756
9.7301
4.280
4.4286
5.9441
11.3865
8.9689
3.8444
19.6619
2.8440
2.4729
10.8031
16.8117
21.8097
20.5771
14.4481
8.675
16.709
7.8927
6.4567
4.7856
12.9497
5.2353
3.4586
15.6965
2.5306
17.4683
3.6219
16.8624
1.1528
20.2871
1.5732
11.8829
3.9503
5.19
17.8270
15.3368
14.9708
20.6715
13.6340
16.8149
2.7796
2.723
11.2618
1.2245
1.2846
4.3451
9.2921
17.3555
12.2379
16.7488
1.7764
3.8228
21.9841
4.2350
19.5193
2.1500
21.7034
1.7764
18.124
1.4914
0.6987
19.5856
12.3743
3.6491
3.2227
8.8365
19.9859
17.1936
7.1432
11.2551
12.6437
9.9228
14.3275
2.5407
11.1474
16.6121
6.8858
21.4395
12.6029
18.1237
16.8235
13.3793
0.5818
16.4428
17.6143
19.1011
18.5928
17.9529
0.8776
0.2404
0.4443
0.5763
0.4613
0.4538
0.8606
0.6840
0.2904
0.4818
0.5128
0.688
0.7369
0.7917
0.9917
0.6996
0.3324
0.7743
0.9470
0.2183
0.8490
0.5499
0.9772
0.6725
0.5644
0.5590
0.7505
0.8139
0.2954
0.9786
0.7669
0.8082
0.8542
0.8464
0.197
0.9507
0.9355
0.8804
0.6348
0.8611
0.3622
0.7828
0.9299
0.7343
0.5746
0.5568
0.4340
0.5422
0.3311
0.3810
0.7605
0.1801
0.5661
0.3730
0.4878
0.1305
0.9320
0.8736
0.9444
0.8626
0.8522
0.3465
0.6708
0.3416
0.8282
0.3258
0.2924
0.7637
0.2062
0.5624
0.2600
0.2036
0.3452
0.1899
0.9379
0.5550
0.7468
0.71
0.973
0.7131
0.3881
0.4930
0.8933
0.5894
0.8660
0.163
0.7199
0.7981
0.8899
0.2996
0.2959
0.3773
0.2813
0.9668
0.7190
0.1095
0.2926
0.6466
0.5084
0.1340
