333
18.9383
8.886
16.2777
17.6915
19.7793
4.8335
7.5386
16.492
5.6649
11.1421
10.2362
13.27
7.8690
11.59
20.7763
19.3926
13.540
15.3426
3.9172
13.5736
0.5211
5.5368
2.2567
17.6429
3.5782
8.1530
2.2862
2.5123
21.4067
4.3135
11.3929
18.9802
13.4022
6.3058
13.3069
11.8167
10.1393
20.8456
6.5011
16.8042
11.6229
16.7373
8.4421
19.4919
6.3784
7.8537
17.5198
19.4324
1.8315
20.4370
11.6413
1.3526
4.6091
14.8980
19.9956
7.1873
1.6862
0.9170
9.6996
1.7281
5.2305
20.925
19.7084
18.6327
5.336
11.6505
8.846
16.1729
11.1313
14.5857
11.6124
0.3895
9.9582
20.545
19.8814
15.3367
6.5434
15.364
13.4043
7.3750
14.1087
3.6808
9.7276
18.7178
17.5788
7.3584
4.5403
19.2651
7.2754
14.2399
20.9932
12.5060
14.9676
18.3368
9.7739
19.12
8.6226
17.8586
14.8094
19.7539
10.795
4.570
20.1434
19.378
3.7467
18.6601
13.97
9.2902
13.3317
6.492
16.6652
6.756
9.7301
4.280
4.4286
5.9441
11.3865
8.9689
3.8444
19.6619
2.8440
2.4729
10.8031
16.8117
21.8097
20.5771
14.4481
8.675
16.709
7.8927
6.4567
4.7856
12.9497
5.2353
3.4586
15.6965
2.5306
17.4683
3.6219
16.8624
1.1528
20.2871
1.5732
11.8829
3.9503
5.19
17.8270
15.3368
14.9708
20.6715
13.6340
16.8149
2.7796
2.723
11.2618
1.2245
1.2846
4.3451
9.2921
17.3555
12.2379
16.7488
1.7764
3.8228
21.9841
4.2350
19.5193
2.1500
21.7034
1.7764
18.124
1.4914
0.6987
19.5856
12.3743
3.6491
3.2227
8.8365
19.9859
17.1936
7.1432
11.2551
12.6437
9.9228
14.3275
2.5407
11.1474
16.6121
6.8858
21.4395
12.6029
18.1237
16.8235
13.3793
0.5818
16.4428
17.6143
19.1011
18.5928
17.9529
21.8776
15.2404
19.4443
21.5763
14.4613
10.4538
3.8606
17.6840
19.2904
1.4818
13.5128
5.688
13.7369
4.7917
15.9917
6.6996
7.3324
4.7743
1.9470
13.2183
4.8490
13.5499
10.9772
20.6725
6.5644
11.5590
15.7505
2.8139
10.2954
12.9786
20.7669
9.8082
7.8542
18.8464
9.197
0.9507
7.9355
12.8804
17.6348
5.8611
14.3622
10.7828
10.9299
6.7343
15.5746
3.5568
13.4340
0.5422
8.3311
14.3810
14.7605
13.1801
7.5661
3.3730
13.4878
13.1305
15.9320
7.8736
15.9444
4.8626
19.8522
14.3465
14.6708
5.3416
11.8282
1.3258
5.2924
18.7637
14.2062
2.5624
2.2600
7.2036
12.3452
12.1899
14.9379
6.5550
16.7468
6.71
7.973
4.7131
21.3881
0.4930
17.8933
7.5894
4.8660
9.163
20.7199
19.7981
16.8899
15.2996
2.2959
14.3773
8.2813
16.9668
20.7190
19.1095
18.2926
4.6466
17.5084
11.1340
6.2090
19.7684
19.3376
18.5542
10.5936
12.9107
3.7445
5.9756
18.9179
10.8418
9.6887
18.9412
10.3348
6.2172
3.1659
14.2009
15.2336
2.5210
12.6342
10.7587
17.8206
15.9301
3.7713
4.7372
10.5321
2.1255
2.4819
7.4599
6.7721
20.9904
19.5939
13.9811
17.3940
17.5667
10.1705
7.6228
8.1127
14.9150
13.5984
5.6658
3.3920
1.9224
2.2422
13.7269
7.1396
6.4081
7.5630
1.84
9.9292
20.1972
12.7672
5.3850
14.7625
16.5385
10.1222
3.9299
18.6640
13.6042
11.3898
4.713
11.2298
9.6190
17.524
8.2590
5.8209
7.8581
15.8819
13.9336
21.7732
7.1155
19.5994
2.8004
8.379
0.4769
16.5273
16.1776
6.8850
2.7255
18.1860
15.8142
1.5579
9.5884
21.1993
15.3205
4.7621
10.9567
18.2504
2.613
2.1961
8.2754
6.1326
14.4259
17.8944
2.8202
1.3202
1.3506
9.6784
16.2021
14.2842
9.868
2.9528
12.5189
12.8872
11.9908
12.9958
7.498
6.8036
19.8808
10.7753
3.6248
13.3303
11.3333
13.2133
12.1648
5.2890
17.9754
1.7567
2.1746
19.368
3.9529
10.4500
4.8046
17.3788
6.9797
7.6249
18.6990
7.3303
17.3033
14.5363
0.2497
5.253
16.4892
13.7686
17.9125
6.1152
4.3996
4.5975
13.9188
2.9157
14.3729
16.5436
15.2460
4.3414
8.3921
6.460
9.6304
4.28
8.8027
11.8050
3.6748
11.7556
0.8902
8.4794
8.7697
6.8699
15.1043
5.1039
13.2002
11.428
19.6403
14.4500
17.681
14.7647
6.8538
13.6159
0.5151
11.2535
18.2134
13.4339
13.1692
11.2215
8.6127
7.504
15.5629
17.49
14.964
3.8285
0.6429
1.5343
14.6335
4.3177
13.2900
15.5238
12.7971
0.6949
0.289
6.5367
5.7988
14.2292
18.5795
3.743
7.3144
14.2829
18.8390
14.1682
6.5340
19.3541
4.569
3.3826
10.4232
17.2261
14.6042
19.360
4.9117
8.8023
15.6761
18.81
11.6309
15.3190
20.5425
5.8996
19.6367
11.4677
20.4234
10.690
11.1626
20.4524
17.6057
17.9614
12.3168
14.8205
21.358
20.6312
6.7386
18.5100
12.4346
13.2726
16.4994
16.4916
17.6552
5.5578
12.3529
10.8946
3.2290
17.2647
18.6970
18.9051
14.9080
8.9631
13.8593
12.857
13.8627
11.1312
3.1886
12.9214
0.8355
15.3512
11.90
17.4412
11.9479
2.9610
10.8969
10.6189
1.2274
17.6355
8.7641
13.6620
9.5433
3.8987
8.7888
5.8338
8.4566
0.7770
15.7284
12.6856
17.417
12.606
9.2260
10.5849
21.237
1.7205
1.3059
13.5217
12.8518
4.4945
4.783
13.6873
19.8458
15.873
9.7637
9.4289
18.483
20.6607
20.478
19.2757
16.9314
7.4471
11.5729
4.1100
10.3459
20.3618
10.9438
18.8025
20.1388
3.3074
9.1233
16.8157
16.3681
19.3493
5.358
16.270
20.699
7.3417
8.1839
12.5569
11.8363
13.2622
4.8794
10.3173
7.9847
14.6431
19.7462
4.6682
13.9390
18.4292
2.5791
8.5057
4.5115
13.1521
12.6157
14.8574
12.1491
1.1947
12.2951
12.9231
5.5021
0.537
7.3740
0.5054
19.4030
12.4098
16.5325
19.1081
20.7516
3.3516
9.3002
10.2231
17.6139
13.1796
20.5404
3.2338
6.4580
18.9218
7.9021
19.3970
16.9862
10.4812
5.5379
20.4977
2.2685
18.1536
13.9904
15.4176
19.3483
3.9207
6.9759
3.4857
4.9744
13.3499
3.9911
2.127
4.3950
20.5236
0.7560
3.7818
2.5105
0.563
1.49
1.1244
0.8711
1.1805
0.9934
0.3291
1.7375
0.8955
0.3614
0.3589
1.3768
1.8993
0.4918
0.2805
0.6882
1.4822
1.6982
0.6717
2.4030
0.3093
1.1574
0.126
1.6593
1.1486
0.253
1.543
1.3074
0.7814
0.4713
1.8179
1.8377
1.4762
1.5775
1.7088
0.2919
1.5710
0.6732
1.294
0.1017
1.346
0.235
0.1137
0.5691
0.5153
0.3943
1.2573
0.6328
1.925
2.9291
0.6710
1.4018
1.7217
0.6836
1.6963
0.5055
1.7090
1.3858
1.8130
1.4904
1.8571
1.2661
1.9633
0.9685
0.4789
1.3073
1.2604
0.6851
2.9805
0.9250
0.7868
1.6503
0.9485
0.9006
1.2195
1.4639
0.2949
0.1120
1.967
0.226
0.6763
1.7677
0.596
1.3981
0.865
1.7560
1.9036
1.7955
0.7770
1.3518
1.9211
1.6342
0.2532
0.5196
0.2379
1.7321
1.8270
1.4984
1.4172
1.4427
2.4234
1.2040
0.7283
0.72
0.7398
0.5830
0.1063
1.347
0.6950
1.2030
1.573
1.3714
1.6059
0.7522
0.4047
1.6924
1.5082
0.9435
0.1232
0.9204
1.2954
1.443
0.1898
2.5486
1.5640
0.4278
1.9159
1.262
1.9262
0.9683
1.1041
1.9848
1.1723
1.8324
0.6272
1.9122
2.4154
0.7335
0.5821
0.7457
1.9365
0.2747
1.1171
0.1776
0.269
2.5218
1.8701
0.1703
2.4653
1.9933
0.907
1.3959
0.6728
0.2806
1.5797
0.8720
1.7084
0.1308
0.5334
0.2698
0.991
1.6376
0.8898
1.2715
1.1052
0.5171
1.8189
1.1559
0.2506
2.4010
1.9016
0.8224
0.3109
1.6539
0.0
0.3378
0.8109
0.5053
0.5081
0.9114
0.1338
1.5989
0.9426
0.8067
0.5147
1.5223
1.6787
1.2231
1.6532
1.2122
0.1281
0.3875
1.4850
0.179
1.6590
0.2254
0.5350
1.1131
1.3813
1.7857
1.1494
0.9181
1.6081
1.4603
1.5720
0.2433
1.7982
0.181
0.7487
0.9415
1.9296
0.8825
1.5404
2.8722
1.6892
1.551
1.297
1.32
1.9134
1.3181
1.8506
1.415
1.7057
0.9708
1.595
1.9999
0.1962
0.2297
0.7483
1.5776
1.154
1.8977
0.1309
1.2587
0.9932
0.3382
1.5021
0.4266
1.3563
0.8860
0.3682
0.9211
1.7685
2.9086
0.4285
1.930
1.5990
2.4583
0.7314
0.1476
1.4116
1.5820
1.1892
0.7525
1.5528
1.8839
1.7525
1.7490
1.1136
0.1360
1.9618
1.7643
1.337
1.928
0.6582
0.6621
1.4310
0.7955
0.888
0.4225
0.6815
0.4570
1.3437
0.853
0.8
1.7722
1.1783
0.2350
1.8657
1.9097
0.3827
0.9126
0.1269
0.2071
1.6651
0.3149
1.910
0.528
1.639
1.8398
0.1888
1.6610
0.2393
0.8577
0.3890
1.8976
0.5199
0.4552
1.6931
1.6087
1.8777
0.99
1.657
0.8566
0.952
0.7017
0.2641
1.2735
0.9368
1.1298
1.8184
1.3195
0.6776
0.5805
2.5266
1.3428
0.8954
1.2528
0.308
2.9593
1.7278
1.2197
1.2555
1.9672
1.774
1.6445
0.5000
0.2325
1.997
0.8283
1.8412
0.6127
0.8382
