0.2
0.6
0.4
0.8
1.5
1.8
2.3
1.6
2.3
1.0
1.5
2.2
0.7
1.4
0.6
1.2
1.8
1.7
2.5
2.4
0.2
0.4
0.7
0.3
0.4
0.1
0.4
0.8
0.9
1.0
1.2
1.3
1.4
1.6
2.0
2.0
1.9
2.3
2.0
1.6
0.7
1.0
3.0
0.75
0.43
0.554
0.35
0.54
0.765
0.34
0.87
0.345
1.40
1.54
0.765
2.432
0.876
0.432
0.999
3.5
1.6
2.3
1.0
1.5
2.2
0.7
1.4
0.6
1.2
1.8
1.7
2.5
2.4
0.2
0.4
0.7
0.3
0.4
0.1
0.4
0.8
0.9
1.0
1.2
1.3
1.4
1.6
2.0
2.0
1.9
2.3
2.0
1.6
0.7
1.0
3.0
0.75
0.43
0.554
0.35
0.54
0.765
0.34
0.87
0.345
1.40
1.54
0.765
2.432
0.876
0.432
0.999
3.5
0.7
1.0
3.0
0.75
0.43
0.554
0.35
0.54
0.765
0.34
0.87
0.35
0.54
0.765
0.34
0.87
0.345
1.40
1.54
0.765
2.432
0.876
0.432
0.999
3.5
0.7
1.0
3.0
0.75
0.43
0.554
0.4343
0.6545
0.234
0.6544
0.54354
1.65
